#
# leduc strategy partial1
# made on:       Wed Feb 20 21:02:54 2019
# abstraction:   abstractions/fullgame
# opponent:      abstractions/fullgame
# iterations:    10
#
J:/: 0.383792676 0.616207324 0.000000000
Q:/: 0.377747018 0.622252982 0.000000000
K:/: 0.750000000 0.250000000 0.000000000
J:/rr: 0.000000000 0.162848340 0.837151660
Q:/rr: 0.000000000 0.172130823 0.827869177
K:/rr: 0.000000000 0.166666667 0.833333333
JJ:/rrc/: 0.500000000 0.500000000 0.000000000
JQ:/rrc/: 0.500000000 0.500000000 0.000000000
JK:/rrc/: 0.500000000 0.500000000 0.000000000
QJ:/rrc/: 0.519392736 0.480607264 0.000000000
QQ:/rrc/: 0.500000000 0.500000000 0.000000000
QK:/rrc/: 0.500000000 0.500000000 0.000000000
KJ:/rrc/: 0.500000000 0.500000000 0.000000000
KQ:/rrc/: 0.500000000 0.500000000 0.000000000
KK:/rrc/: 0.500000000 0.500000000 0.000000000
JJ:/rrc/rr: 0.000000000 0.500000000 0.500000000
JQ:/rrc/rr: 0.000000000 0.500000000 0.500000000
JK:/rrc/rr: 0.000000000 0.500000000 0.500000000
QJ:/rrc/rr: 0.000000000 0.462662674 0.537337326
QQ:/rrc/rr: 0.000000000 0.500000000 0.500000000
QK:/rrc/rr: 0.000000000 0.500000000 0.500000000
KJ:/rrc/rr: 0.000000000 0.500000000 0.500000000
KQ:/rrc/rr: 0.000000000 0.500000000 0.500000000
KK:/rrc/rr: 0.000000000 0.500000000 0.500000000
JJ:/rrc/cr: 0.333333333 0.333333333 0.333333333
JQ:/rrc/cr: 0.333333333 0.333333333 0.333333333
JK:/rrc/cr: 0.333333333 0.333333333 0.333333333
QJ:/rrc/cr: 0.333333333 0.333333333 0.333333333
QQ:/rrc/cr: 0.333333333 0.333333333 0.333333333
QK:/rrc/cr: 0.333333333 0.333333333 0.333333333
KJ:/rrc/cr: 0.333333333 0.333333333 0.333333333
KQ:/rrc/cr: 0.333333333 0.333333333 0.333333333
KK:/rrc/cr: 0.333333333 0.333333333 0.333333333
JJ:/rc/: 0.500000000 0.500000000 0.000000000
JQ:/rc/: 0.483012124 0.516987876 0.000000000
JK:/rc/: 0.500000000 0.500000000 0.000000000
QJ:/rc/: 0.489248210 0.510751790 0.000000000
QQ:/rc/: 0.500000000 0.500000000 0.000000000
QK:/rc/: 0.500000000 0.500000000 0.000000000
KJ:/rc/: 0.500000000 0.500000000 0.000000000
KQ:/rc/: 0.500000000 0.500000000 0.000000000
KK:/rc/: 0.500000000 0.500000000 0.000000000
JJ:/rc/rr: 0.000000000 0.500000000 0.500000000
JQ:/rc/rr: 0.000000000 0.500000000 0.500000000
JK:/rc/rr: 0.000000000 0.500000000 0.500000000
QJ:/rc/rr: 0.000000000 0.500000000 0.500000000
QQ:/rc/rr: 0.000000000 0.500000000 0.500000000
QK:/rc/rr: 0.000000000 0.500000000 0.500000000
KJ:/rc/rr: 0.000000000 0.500000000 0.500000000
KQ:/rc/rr: 0.000000000 0.500000000 0.500000000
KK:/rc/rr: 0.000000000 0.500000000 0.500000000
JJ:/rc/cr: 0.333333333 0.333333333 0.333333333
JQ:/rc/cr: 0.355239554 0.311427112 0.333333333
JK:/rc/cr: 0.333333333 0.333333333 0.333333333
QJ:/rc/cr: 0.347367273 0.319299394 0.333333333
QQ:/rc/cr: 0.333333333 0.333333333 0.333333333
QK:/rc/cr: 0.333333333 0.333333333 0.333333333
KJ:/rc/cr: 0.333333333 0.333333333 0.333333333
KQ:/rc/cr: 0.333333333 0.333333333 0.333333333
KK:/rc/cr: 0.333333333 0.333333333 0.333333333
J:/cr: 0.259113071 0.067617935 0.673268994
Q:/cr: 0.457895947 0.066960975 0.475143078
K:/cr: 0.333333333 0.333333333 0.333333333
JJ:/crrc/: 0.500000000 0.500000000 0.000000000
JQ:/crrc/: 0.500000000 0.500000000 0.000000000
JK:/crrc/: 0.500000000 0.500000000 0.000000000
QJ:/crrc/: 0.926881887 0.073118113 0.000000000
QQ:/crrc/: 0.500000000 0.500000000 0.000000000
QK:/crrc/: 0.500000000 0.500000000 0.000000000
KJ:/crrc/: 0.500000000 0.500000000 0.000000000
KQ:/crrc/: 0.500000000 0.500000000 0.000000000
KK:/crrc/: 0.500000000 0.500000000 0.000000000
JJ:/crrc/rr: 0.000000000 0.500000000 0.500000000
JQ:/crrc/rr: 0.000000000 0.500000000 0.500000000
JK:/crrc/rr: 0.000000000 0.500000000 0.500000000
QJ:/crrc/rr: 0.000000000 0.039443059 0.960556941
QQ:/crrc/rr: 0.000000000 0.500000000 0.500000000
QK:/crrc/rr: 0.000000000 0.500000000 0.500000000
KJ:/crrc/rr: 0.000000000 0.500000000 0.500000000
KQ:/crrc/rr: 0.000000000 0.500000000 0.500000000
KK:/crrc/rr: 0.000000000 0.500000000 0.500000000
JJ:/crrc/cr: 0.333333333 0.333333333 0.333333333
JQ:/crrc/cr: 0.333333333 0.333333333 0.333333333
JK:/crrc/cr: 0.333333333 0.333333333 0.333333333
QJ:/crrc/cr: 0.333333333 0.333333333 0.333333333
QQ:/crrc/cr: 0.333333333 0.333333333 0.333333333
QK:/crrc/cr: 0.333333333 0.333333333 0.333333333
KJ:/crrc/cr: 0.333333333 0.333333333 0.333333333
KQ:/crrc/cr: 0.333333333 0.333333333 0.333333333
KK:/crrc/cr: 0.333333333 0.333333333 0.333333333
JJ:/crc/: 0.500000000 0.500000000 0.000000000
JQ:/crc/: 0.500000000 0.500000000 0.000000000
JK:/crc/: 0.500000000 0.500000000 0.000000000
QJ:/crc/: 0.500000000 0.500000000 0.000000000
QQ:/crc/: 0.500000000 0.500000000 0.000000000
QK:/crc/: 0.500000000 0.500000000 0.000000000
KJ:/crc/: 0.500000000 0.500000000 0.000000000
KQ:/crc/: 0.500000000 0.500000000 0.000000000
KK:/crc/: 0.500000000 0.500000000 0.000000000
JJ:/crc/rr: 0.000000000 0.500000000 0.500000000
JQ:/crc/rr: 0.000000000 0.500000000 0.500000000
JK:/crc/rr: 0.000000000 0.500000000 0.500000000
QJ:/crc/rr: 0.000000000 0.500000000 0.500000000
QQ:/crc/rr: 0.000000000 0.500000000 0.500000000
QK:/crc/rr: 0.000000000 0.500000000 0.500000000
KJ:/crc/rr: 0.000000000 0.500000000 0.500000000
KQ:/crc/rr: 0.000000000 0.500000000 0.500000000
KK:/crc/rr: 0.000000000 0.500000000 0.500000000
JJ:/crc/cr: 0.333333333 0.333333333 0.333333333
JQ:/crc/cr: 0.333333333 0.333333333 0.333333333
JK:/crc/cr: 0.333333333 0.333333333 0.333333333
QJ:/crc/cr: 0.333333333 0.333333333 0.333333333
QQ:/crc/cr: 0.333333333 0.333333333 0.333333333
QK:/crc/cr: 0.333333333 0.333333333 0.333333333
KJ:/crc/cr: 0.333333333 0.333333333 0.333333333
KQ:/crc/cr: 0.333333333 0.333333333 0.333333333
KK:/crc/cr: 0.333333333 0.333333333 0.333333333
JJ:/cc/: 0.500000000 0.500000000 0.000000000
JQ:/cc/: 0.000000000 1.000000000 0.000000000
JK:/cc/: 0.500000000 0.500000000 0.000000000
QJ:/cc/: 0.100441463 0.899558537 0.000000000
QQ:/cc/: 0.500000000 0.500000000 0.000000000
QK:/cc/: 0.500000000 0.500000000 0.000000000
KJ:/cc/: 0.500000000 0.500000000 0.000000000
KQ:/cc/: 0.500000000 0.500000000 0.000000000
KK:/cc/: 0.500000000 0.500000000 0.000000000
JJ:/cc/rr: 0.000000000 0.500000000 0.500000000
JQ:/cc/rr: 0.000000000 0.500000000 0.500000000
JK:/cc/rr: 0.000000000 0.500000000 0.500000000
QJ:/cc/rr: 0.000000000 0.500000000 0.500000000
QQ:/cc/rr: 0.000000000 0.500000000 0.500000000
QK:/cc/rr: 0.000000000 0.500000000 0.500000000
KJ:/cc/rr: 0.000000000 0.500000000 0.500000000
KQ:/cc/rr: 0.000000000 0.500000000 0.500000000
KK:/cc/rr: 0.000000000 0.500000000 0.500000000
JJ:/cc/cr: 0.333333333 0.333333333 0.333333333
JQ:/cc/cr: 0.246457413 0.000000000 0.753542587
JK:/cc/cr: 0.333333333 0.333333333 0.333333333
QJ:/cc/cr: 0.163423948 0.037218798 0.799357253
QQ:/cc/cr: 0.333333333 0.333333333 0.333333333
QK:/cc/cr: 0.333333333 0.333333333 0.333333333
KJ:/cc/cr: 0.333333333 0.333333333 0.333333333
KQ:/cc/cr: 0.333333333 0.333333333 0.333333333
KK:/cc/cr: 0.333333333 0.333333333 0.333333333
