#
# leduc strategy partial2
# made on:       Wed Feb 20 21:02:54 2019
# abstraction:   abstractions/fullgame
# opponent:      abstractions/fullgame
# iterations:    10
#
J:/r: 0.426080893 0.407252441 0.166666667
Q:/r: 0.456996746 0.431892143 0.111111111
K:/r: 0.392070509 0.541262824 0.066666667
JJ:/rrc/r: 0.333333333 0.333333333 0.333333333
JQ:/rrc/r: 0.333333333 0.333333333 0.333333333
JK:/rrc/r: 0.333333333 0.333333333 0.333333333
QJ:/rrc/r: 0.333333333 0.333333333 0.333333333
QQ:/rrc/r: 0.333333333 0.333333333 0.333333333
QK:/rrc/r: 0.333333333 0.333333333 0.333333333
KJ:/rrc/r: 0.447073904 0.361768476 0.191157620
KQ:/rrc/r: 0.333333333 0.333333333 0.333333333
KK:/rrc/r: 0.333333333 0.333333333 0.333333333
JJ:/rrc/c: 0.500000000 0.500000000 0.000000000
JQ:/rrc/c: 0.500000000 0.500000000 0.000000000
JK:/rrc/c: 0.500000000 0.500000000 0.000000000
QJ:/rrc/c: 0.500000000 0.500000000 0.000000000
QQ:/rrc/c: 0.500000000 0.500000000 0.000000000
QK:/rrc/c: 0.500000000 0.500000000 0.000000000
KJ:/rrc/c: 0.713263570 0.286736430 0.000000000
KQ:/rrc/c: 0.500000000 0.500000000 0.000000000
KK:/rrc/c: 0.500000000 0.500000000 0.000000000
JJ:/rrc/crr: 0.000000000 0.500000000 0.500000000
JQ:/rrc/crr: 0.000000000 0.500000000 0.500000000
JK:/rrc/crr: 0.000000000 0.500000000 0.500000000
QJ:/rrc/crr: 0.000000000 0.500000000 0.500000000
QQ:/rrc/crr: 0.000000000 0.500000000 0.500000000
QK:/rrc/crr: 0.000000000 0.500000000 0.500000000
KJ:/rrc/crr: 0.000000000 0.798996863 0.201003137
KQ:/rrc/crr: 0.000000000 0.500000000 0.500000000
KK:/rrc/crr: 0.000000000 0.500000000 0.500000000
JJ:/rc/r: 0.333333333 0.333333333 0.333333333
JQ:/rc/r: 0.333333333 0.333333333 0.333333333
JK:/rc/r: 0.333333333 0.333333333 0.333333333
QJ:/rc/r: 0.333333333 0.333333333 0.333333333
QQ:/rc/r: 0.333333333 0.333333333 0.333333333
QK:/rc/r: 0.333333333 0.333333333 0.333333333
KJ:/rc/r: 0.543302173 0.354330217 0.102367610
KQ:/rc/r: 0.617029387 0.284019177 0.098951436
KK:/rc/r: 0.333333333 0.333333333 0.333333333
JJ:/rc/c: 0.500000000 0.500000000 0.000000000
JQ:/rc/c: 0.500000000 0.500000000 0.000000000
JK:/rc/c: 0.500000000 0.500000000 0.000000000
QJ:/rc/c: 0.500000000 0.500000000 0.000000000
QQ:/rc/c: 0.500000000 0.500000000 0.000000000
QK:/rc/c: 0.500000000 0.500000000 0.000000000
KJ:/rc/c: 0.846448585 0.153551415 0.000000000
KQ:/rc/c: 0.851572846 0.148427154 0.000000000
KK:/rc/c: 0.500000000 0.500000000 0.000000000
JJ:/rc/crr: 0.000000000 0.500000000 0.500000000
JQ:/rc/crr: 0.000000000 0.500000000 0.500000000
JK:/rc/crr: 0.000000000 0.500000000 0.500000000
QJ:/rc/crr: 0.000000000 0.500000000 0.500000000
QQ:/rc/crr: 0.000000000 0.500000000 0.500000000
QK:/rc/crr: 0.000000000 0.500000000 0.500000000
KJ:/rc/crr: 0.000000000 0.909296668 0.090703332
KQ:/rc/crr: 0.000000000 0.912851170 0.087148830
KK:/rc/crr: 0.000000000 0.500000000 0.500000000
J:/c: 0.250000000 0.750000000 0.000000000
Q:/c: 0.403995881 0.596004119 0.000000000
K:/c: 0.452555451 0.547444549 0.000000000
J:/crr: 0.000000000 0.500000000 0.500000000
Q:/crr: 0.000000000 0.793727270 0.206272730
K:/crr: 0.000000000 0.889516301 0.110483699
JJ:/crrc/r: 0.333333333 0.333333333 0.333333333
JQ:/crrc/r: 0.333333333 0.333333333 0.333333333
JK:/crrc/r: 0.333333333 0.333333333 0.333333333
QJ:/crrc/r: 0.333333333 0.333333333 0.333333333
QQ:/crrc/r: 0.333333333 0.333333333 0.333333333
QK:/crrc/r: 0.333333333 0.333333333 0.333333333
KJ:/crrc/r: 0.333333333 0.333333333 0.333333333
KQ:/crrc/r: 0.333333333 0.333333333 0.333333333
KK:/crrc/r: 0.333333333 0.333333333 0.333333333
JJ:/crrc/c: 0.500000000 0.500000000 0.000000000
JQ:/crrc/c: 0.500000000 0.500000000 0.000000000
JK:/crrc/c: 0.500000000 0.500000000 0.000000000
QJ:/crrc/c: 0.500000000 0.500000000 0.000000000
QQ:/crrc/c: 0.500000000 0.500000000 0.000000000
QK:/crrc/c: 0.500000000 0.500000000 0.000000000
KJ:/crrc/c: 0.500000000 0.500000000 0.000000000
KQ:/crrc/c: 0.500000000 0.500000000 0.000000000
KK:/crrc/c: 0.500000000 0.500000000 0.000000000
JJ:/crrc/crr: 0.000000000 0.500000000 0.500000000
JQ:/crrc/crr: 0.000000000 0.500000000 0.500000000
JK:/crrc/crr: 0.000000000 0.500000000 0.500000000
QJ:/crrc/crr: 0.000000000 0.500000000 0.500000000
QQ:/crrc/crr: 0.000000000 0.500000000 0.500000000
QK:/crrc/crr: 0.000000000 0.500000000 0.500000000
KJ:/crrc/crr: 0.000000000 0.500000000 0.500000000
KQ:/crrc/crr: 0.000000000 0.500000000 0.500000000
KK:/crrc/crr: 0.000000000 0.500000000 0.500000000
JJ:/crc/r: 0.333333333 0.333333333 0.333333333
JQ:/crc/r: 0.333333333 0.333333333 0.333333333
JK:/crc/r: 0.333333333 0.333333333 0.333333333
QJ:/crc/r: 0.333333333 0.333333333 0.333333333
QQ:/crc/r: 0.333333333 0.333333333 0.333333333
QK:/crc/r: 0.333333333 0.333333333 0.333333333
KJ:/crc/r: 0.333333333 0.333333333 0.333333333
KQ:/crc/r: 0.333333333 0.333333333 0.333333333
KK:/crc/r: 0.333333333 0.333333333 0.333333333
JJ:/crc/c: 0.500000000 0.500000000 0.000000000
JQ:/crc/c: 0.500000000 0.500000000 0.000000000
JK:/crc/c: 0.500000000 0.500000000 0.000000000
QJ:/crc/c: 0.500000000 0.500000000 0.000000000
QQ:/crc/c: 0.500000000 0.500000000 0.000000000
QK:/crc/c: 0.500000000 0.500000000 0.000000000
KJ:/crc/c: 0.500000000 0.500000000 0.000000000
KQ:/crc/c: 0.500000000 0.500000000 0.000000000
KK:/crc/c: 0.500000000 0.500000000 0.000000000
JJ:/crc/crr: 0.000000000 0.500000000 0.500000000
JQ:/crc/crr: 0.000000000 0.500000000 0.500000000
JK:/crc/crr: 0.000000000 0.500000000 0.500000000
QJ:/crc/crr: 0.000000000 0.500000000 0.500000000
QQ:/crc/crr: 0.000000000 0.500000000 0.500000000
QK:/crc/crr: 0.000000000 0.500000000 0.500000000
KJ:/crc/crr: 0.000000000 0.500000000 0.500000000
KQ:/crc/crr: 0.000000000 0.500000000 0.500000000
KK:/crc/crr: 0.000000000 0.500000000 0.500000000
JJ:/cc/r: 0.333333333 0.333333333 0.333333333
JQ:/cc/r: 0.333333333 0.333333333 0.333333333
JK:/cc/r: 0.333333333 0.333333333 0.333333333
QJ:/cc/r: 0.333333333 0.333333333 0.333333333
QQ:/cc/r: 0.333333333 0.333333333 0.333333333
QK:/cc/r: 0.333333333 0.333333333 0.333333333
KJ:/cc/r: 0.587301587 0.301587302 0.111111111
KQ:/cc/r: 0.333333333 0.333333333 0.333333333
KK:/cc/r: 0.333333333 0.333333333 0.333333333
JJ:/cc/c: 0.500000000 0.500000000 0.000000000
JQ:/cc/c: 0.500000000 0.500000000 0.000000000
JK:/cc/c: 0.500000000 0.500000000 0.000000000
QJ:/cc/c: 0.500000000 0.500000000 0.000000000
QQ:/cc/c: 0.500000000 0.500000000 0.000000000
QK:/cc/c: 0.500000000 0.500000000 0.000000000
KJ:/cc/c: 0.833333333 0.166666667 0.000000000
KQ:/cc/c: 0.500000000 0.500000000 0.000000000
KK:/cc/c: 0.500000000 0.500000000 0.000000000
JJ:/cc/crr: 0.000000000 0.500000000 0.500000000
JQ:/cc/crr: 0.000000000 0.500000000 0.500000000
JK:/cc/crr: 0.000000000 0.500000000 0.500000000
QJ:/cc/crr: 0.000000000 0.500000000 0.500000000
QQ:/cc/crr: 0.000000000 0.500000000 0.500000000
QK:/cc/crr: 0.000000000 0.500000000 0.500000000
KJ:/cc/crr: 0.000000000 0.900000000 0.100000000
KQ:/cc/crr: 0.000000000 0.500000000 0.500000000
KK:/cc/crr: 0.000000000 0.500000000 0.500000000
